 Contol Output of RSS RTM module
 
 
  [MW 2012] Figure 8
  FREQUENCY =    37.00000      GHz
  EIA =    55.20000      deg
  0.0       0.000      0.000
  1.0      -0.256      1.420
  2.0      -0.576      2.518
  3.0      -0.908      3.435
  4.0      -1.212      4.284
  5.0      -1.456      5.152
  6.0      -1.619      6.105
  7.0      -1.688      7.187
  8.0      -1.655      8.424
  9.0      -1.521      9.828
 10.0      -1.289     11.394
 11.0      -0.970     13.110
 12.0      -0.574     14.952
 13.0      -0.117     16.889
 14.0       0.387     18.890
 15.0       0.921     20.917
 16.0       1.469     22.935
 17.0       2.018     24.912
 18.0       2.557     26.820
 19.0       3.079     28.638
 20.0       3.579     30.358
 21.0       4.068     32.026
 22.0       4.558     33.695
 23.0       5.048     35.364
 24.0       5.538     37.033
 25.0       6.027     38.701
 
  [MW 2012] Figure 5
  FREQUENCY =    18.70000      GHz
  WIND=    12.10000      m/s
    0.0       7.315      7.315
   10.0       7.309      7.739
   20.0       7.220      8.513
   30.0       6.836      9.516
   40.0       5.800     10.704
   50.0       3.617     12.051
   60.0      -0.089     13.525
 
  [MW 2012] Figure 9
  EIA =    55.20000      deg
  WIND=    12.10000      m/s
    6.8       1.962      8.539
   10.7       2.269     10.060
   18.7       1.822     12.808
   23.8       1.166     13.459
   37.0      -0.531     15.142
   85.5      -4.262     21.139
 
  [MW 2012] Figure 10
  FREQUENCY =    18.70000      GHz
  EIA =    55.20000      deg
  WIND    7.000000      m/s
  0.0  281.000       -0.016   -0.003
  0.1  252.900       -0.018   -0.003
  0.2  224.800       -0.017    0.006
  0.3  196.700       -0.012    0.021
  0.4  168.600       -0.004    0.038
  0.5  140.500        0.006    0.057
  0.6  112.400        0.017    0.078
  0.7   84.300        0.030    0.102
  0.8   56.200        0.045    0.130
  0.9   28.100        0.063    0.163
  1.0    0.000        0.074    0.184
 
  [MW 2012] Figures 12/13
  FREQUENCY =    10.70000      GHz
  EIA =    50.10000      deg
  0.0   0.000  0.000   0.000  0.000   0.000  0.000   0.000  0.000
  1.0   0.000  0.000   0.000  0.000   0.000  0.000   0.000  0.000
  2.0   0.000  0.000   0.000  0.000   0.000  0.000   0.000  0.000
  3.0   0.000  0.000   0.000  0.000   0.000  0.000   0.000  0.000
  4.0   0.044  0.038   0.011 -0.058  -0.018 -0.093   0.000  0.033
  5.0   0.081  0.046   0.022 -0.105  -0.041 -0.144   0.000  0.069
  6.0   0.136  0.059   0.037 -0.172  -0.083 -0.218   0.000  0.112
  7.0   0.207  0.079   0.053 -0.258  -0.143 -0.313   0.000  0.158
  8.0   0.293  0.106   0.071 -0.358  -0.221 -0.428   0.000  0.206
  9.0   0.392  0.137   0.090 -0.470  -0.314 -0.558   0.000  0.254
 10.0   0.499  0.170   0.110 -0.587  -0.419 -0.696   0.000  0.299
 11.0   0.610  0.205   0.130 -0.703  -0.531 -0.835   0.000  0.341
 12.0   0.721  0.237   0.151 -0.812  -0.646 -0.968   0.000  0.377
 13.0   0.828  0.263   0.172 -0.909  -0.758 -1.086   0.000  0.408
 14.0   0.928  0.282   0.193 -0.987  -0.864 -1.183   0.000  0.431
 15.0   1.018  0.291   0.213 -1.042  -0.961 -1.250   0.000  0.448
 16.0   1.096  0.291   0.233 -1.075  -1.047 -1.291   0.000  0.458
 17.0   1.163  0.286   0.252 -1.090  -1.121 -1.309   0.000  0.462
 18.0   1.219  0.277   0.271 -1.089  -1.186 -1.306   0.000  0.463
 19.0   1.270  0.267   0.288 -1.077  -1.247 -1.283   0.000  0.460
 20.0   1.323  0.258   0.305 -1.062  -1.311 -1.248   0.000  0.459
 21.0   1.378  0.251   0.322 -1.049  -1.380 -1.209   0.000  0.458
 22.0   1.433  0.245   0.338 -1.037  -1.448 -1.170   0.000  0.458
 23.0   1.489  0.239   0.355 -1.024  -1.517 -1.131   0.000  0.457
 24.0   1.544  0.232   0.371 -1.011  -1.585 -1.092   0.000  0.456
 25.0   1.600  0.226   0.388 -0.999  -1.654 -1.053   0.000  0.456
